{
 "cells": [
  {
   "cell_type": "code",
   "execution_count": 7,
   "id": "ff77c3e3",
   "metadata": {},
   "outputs": [],
   "source": [
    "import pandas as pd\n",
    "import numpy as np\n",
    "from sklearn.datasets import load_diabetes\n",
    "import matplotlib.pyplot as plt\n",
    "from matplotlib import style\n",
    "import seaborn as sns\n",
    "import statsmodels.api as sm\n",
    "import pingouin as pg\n",
    "from scipy import stats\n",
    "from scipy.stats import pearsonr\n",
    "import warnings"
   ]
  },
  {
   "cell_type": "code",
   "execution_count": 8,
   "id": "e7b4ee84",
   "metadata": {
    "scrolled": true
   },
   "outputs": [
    {
     "name": "stdout",
     "output_type": "stream",
     "text": [
      "<class 'pandas.core.frame.DataFrame'>\n",
      "Int64Index: 67 entries, 0 to 67\n",
      "Data columns (total 18 columns):\n",
      " #   Column           Non-Null Count  Dtype  \n",
      "---  ------           --------------  -----  \n",
      " 0   AR_U_(1)         67 non-null     float64\n",
      " 1   AR_U_(2)         67 non-null     float64\n",
      " 2   AR_U_(3)         67 non-null     float64\n",
      " 3   AR_U_(4)         67 non-null     float64\n",
      " 4   mu(U)            67 non-null     float64\n",
      " 5   loglik_U         67 non-null     float64\n",
      " 6   Logpost_G        67 non-null     float64\n",
      " 7   MA_U             67 non-null     float64\n",
      " 8   measerr_scale_U  67 non-null     float64\n",
      " 9   sigma_U          67 non-null     float64\n",
      " 10  var_U            67 non-null     float64\n",
      " 11  L_5100           67 non-null     float64\n",
      " 12  L_3000           67 non-null     float64\n",
      " 13  L_UV             67 non-null     float64\n",
      " 14  L_H_beta         67 non-null     float64\n",
      " 15  MG_II            67 non-null     float64\n",
      " 16  0II_5007         67 non-null     float64\n",
      " 17  OIII_4959        67 non-null     float64\n",
      "dtypes: float64(18)\n",
      "memory usage: 9.9 KB\n"
     ]
    }
   ],
   "source": [
    "data=pd.read_csv('Banda_U.csv',header=0,)\n",
    "data = data.dropna(how='any')#quita los valores nan del documento\n",
    "datos = data\n",
    "datos.info()"
   ]
  },
  {
   "cell_type": "code",
   "execution_count": null,
   "id": "2a7ac874",
   "metadata": {},
   "outputs": [],
   "source": []
  },
  {
   "cell_type": "code",
   "execution_count": 9,
   "id": "d3a672fa",
   "metadata": {},
   "outputs": [
    {
     "data": {
      "text/html": [
       "<div>\n",
       "<style scoped>\n",
       "    .dataframe tbody tr th:only-of-type {\n",
       "        vertical-align: middle;\n",
       "    }\n",
       "\n",
       "    .dataframe tbody tr th {\n",
       "        vertical-align: top;\n",
       "    }\n",
       "\n",
       "    .dataframe thead th {\n",
       "        text-align: right;\n",
       "    }\n",
       "</style>\n",
       "<table border=\"1\" class=\"dataframe\">\n",
       "  <thead>\n",
       "    <tr style=\"text-align: right;\">\n",
       "      <th></th>\n",
       "      <th>AR_U_(1)</th>\n",
       "      <th>AR_U_(2)</th>\n",
       "      <th>AR_U_(3)</th>\n",
       "      <th>AR_U_(4)</th>\n",
       "      <th>mu(U)</th>\n",
       "      <th>loglik_U</th>\n",
       "      <th>Logpost_G</th>\n",
       "      <th>MA_U</th>\n",
       "      <th>measerr_scale_U</th>\n",
       "      <th>sigma_U</th>\n",
       "      <th>var_U</th>\n",
       "      <th>L_5100</th>\n",
       "      <th>L_3000</th>\n",
       "      <th>L_UV</th>\n",
       "      <th>L_H_beta</th>\n",
       "      <th>MG_II</th>\n",
       "      <th>0II_5007</th>\n",
       "      <th>OIII_4959</th>\n",
       "    </tr>\n",
       "  </thead>\n",
       "  <tbody>\n",
       "    <tr>\n",
       "      <th>AR_U_(1)</th>\n",
       "      <td>1.000000</td>\n",
       "      <td>0.236859</td>\n",
       "      <td>0.078848</td>\n",
       "      <td>0.199121</td>\n",
       "      <td>-0.149735</td>\n",
       "      <td>0.208047</td>\n",
       "      <td>0.167918</td>\n",
       "      <td>0.009302</td>\n",
       "      <td>-0.025819</td>\n",
       "      <td>0.104323</td>\n",
       "      <td>0.001874</td>\n",
       "      <td>0.099488</td>\n",
       "      <td>-0.017029</td>\n",
       "      <td>-0.000022</td>\n",
       "      <td>-0.247231</td>\n",
       "      <td>0.175565</td>\n",
       "      <td>0.094805</td>\n",
       "      <td>0.027037</td>\n",
       "    </tr>\n",
       "    <tr>\n",
       "      <th>AR_U_(2)</th>\n",
       "      <td>0.236859</td>\n",
       "      <td>1.000000</td>\n",
       "      <td>0.815037</td>\n",
       "      <td>0.124011</td>\n",
       "      <td>-0.125402</td>\n",
       "      <td>0.016917</td>\n",
       "      <td>0.177531</td>\n",
       "      <td>-0.092511</td>\n",
       "      <td>-0.064104</td>\n",
       "      <td>0.875545</td>\n",
       "      <td>0.005987</td>\n",
       "      <td>-0.086168</td>\n",
       "      <td>0.072576</td>\n",
       "      <td>-0.080025</td>\n",
       "      <td>-0.068681</td>\n",
       "      <td>0.195531</td>\n",
       "      <td>-0.275536</td>\n",
       "      <td>0.034516</td>\n",
       "    </tr>\n",
       "    <tr>\n",
       "      <th>AR_U_(3)</th>\n",
       "      <td>0.078848</td>\n",
       "      <td>0.815037</td>\n",
       "      <td>1.000000</td>\n",
       "      <td>0.018096</td>\n",
       "      <td>-0.210117</td>\n",
       "      <td>0.096221</td>\n",
       "      <td>0.217277</td>\n",
       "      <td>-0.034644</td>\n",
       "      <td>-0.071765</td>\n",
       "      <td>0.929389</td>\n",
       "      <td>-0.023767</td>\n",
       "      <td>-0.206612</td>\n",
       "      <td>0.133325</td>\n",
       "      <td>-0.095856</td>\n",
       "      <td>-0.081814</td>\n",
       "      <td>0.162444</td>\n",
       "      <td>-0.165685</td>\n",
       "      <td>-0.005166</td>\n",
       "    </tr>\n",
       "    <tr>\n",
       "      <th>AR_U_(4)</th>\n",
       "      <td>0.199121</td>\n",
       "      <td>0.124011</td>\n",
       "      <td>0.018096</td>\n",
       "      <td>1.000000</td>\n",
       "      <td>0.015836</td>\n",
       "      <td>-0.023402</td>\n",
       "      <td>-0.025215</td>\n",
       "      <td>-0.021267</td>\n",
       "      <td>-0.026921</td>\n",
       "      <td>0.007177</td>\n",
       "      <td>-0.087691</td>\n",
       "      <td>-0.036694</td>\n",
       "      <td>0.162281</td>\n",
       "      <td>0.121817</td>\n",
       "      <td>0.033593</td>\n",
       "      <td>0.056750</td>\n",
       "      <td>0.072030</td>\n",
       "      <td>-0.007000</td>\n",
       "    </tr>\n",
       "    <tr>\n",
       "      <th>mu(U)</th>\n",
       "      <td>-0.149735</td>\n",
       "      <td>-0.125402</td>\n",
       "      <td>-0.210117</td>\n",
       "      <td>0.015836</td>\n",
       "      <td>1.000000</td>\n",
       "      <td>-0.381284</td>\n",
       "      <td>-0.759730</td>\n",
       "      <td>0.145545</td>\n",
       "      <td>-0.115241</td>\n",
       "      <td>-0.125595</td>\n",
       "      <td>0.173103</td>\n",
       "      <td>-0.010390</td>\n",
       "      <td>-0.025411</td>\n",
       "      <td>0.204182</td>\n",
       "      <td>0.183465</td>\n",
       "      <td>-0.006800</td>\n",
       "      <td>-0.035960</td>\n",
       "      <td>-0.011490</td>\n",
       "    </tr>\n",
       "    <tr>\n",
       "      <th>loglik_U</th>\n",
       "      <td>0.208047</td>\n",
       "      <td>0.016917</td>\n",
       "      <td>0.096221</td>\n",
       "      <td>-0.023402</td>\n",
       "      <td>-0.381284</td>\n",
       "      <td>1.000000</td>\n",
       "      <td>0.410678</td>\n",
       "      <td>-0.097038</td>\n",
       "      <td>0.000666</td>\n",
       "      <td>0.046898</td>\n",
       "      <td>-0.186623</td>\n",
       "      <td>-0.019078</td>\n",
       "      <td>0.040710</td>\n",
       "      <td>0.145983</td>\n",
       "      <td>-0.026526</td>\n",
       "      <td>0.033731</td>\n",
       "      <td>-0.124679</td>\n",
       "      <td>-0.141834</td>\n",
       "    </tr>\n",
       "    <tr>\n",
       "      <th>Logpost_G</th>\n",
       "      <td>0.167918</td>\n",
       "      <td>0.177531</td>\n",
       "      <td>0.217277</td>\n",
       "      <td>-0.025215</td>\n",
       "      <td>-0.759730</td>\n",
       "      <td>0.410678</td>\n",
       "      <td>1.000000</td>\n",
       "      <td>-0.092078</td>\n",
       "      <td>0.023132</td>\n",
       "      <td>0.143374</td>\n",
       "      <td>-0.206330</td>\n",
       "      <td>0.023650</td>\n",
       "      <td>0.061126</td>\n",
       "      <td>-0.045008</td>\n",
       "      <td>-0.089315</td>\n",
       "      <td>0.021251</td>\n",
       "      <td>-0.007525</td>\n",
       "      <td>-0.021750</td>\n",
       "    </tr>\n",
       "    <tr>\n",
       "      <th>MA_U</th>\n",
       "      <td>0.009302</td>\n",
       "      <td>-0.092511</td>\n",
       "      <td>-0.034644</td>\n",
       "      <td>-0.021267</td>\n",
       "      <td>0.145545</td>\n",
       "      <td>-0.097038</td>\n",
       "      <td>-0.092078</td>\n",
       "      <td>1.000000</td>\n",
       "      <td>-0.089226</td>\n",
       "      <td>-0.041723</td>\n",
       "      <td>0.022197</td>\n",
       "      <td>-0.194369</td>\n",
       "      <td>0.041320</td>\n",
       "      <td>-0.006705</td>\n",
       "      <td>0.216953</td>\n",
       "      <td>0.096974</td>\n",
       "      <td>0.176572</td>\n",
       "      <td>-0.123829</td>\n",
       "    </tr>\n",
       "    <tr>\n",
       "      <th>measerr_scale_U</th>\n",
       "      <td>-0.025819</td>\n",
       "      <td>-0.064104</td>\n",
       "      <td>-0.071765</td>\n",
       "      <td>-0.026921</td>\n",
       "      <td>-0.115241</td>\n",
       "      <td>0.000666</td>\n",
       "      <td>0.023132</td>\n",
       "      <td>-0.089226</td>\n",
       "      <td>1.000000</td>\n",
       "      <td>-0.067575</td>\n",
       "      <td>-0.186569</td>\n",
       "      <td>-0.038586</td>\n",
       "      <td>-0.203321</td>\n",
       "      <td>-0.168397</td>\n",
       "      <td>-0.052888</td>\n",
       "      <td>0.021070</td>\n",
       "      <td>0.010144</td>\n",
       "      <td>0.042510</td>\n",
       "    </tr>\n",
       "    <tr>\n",
       "      <th>sigma_U</th>\n",
       "      <td>0.104323</td>\n",
       "      <td>0.875545</td>\n",
       "      <td>0.929389</td>\n",
       "      <td>0.007177</td>\n",
       "      <td>-0.125595</td>\n",
       "      <td>0.046898</td>\n",
       "      <td>0.143374</td>\n",
       "      <td>-0.041723</td>\n",
       "      <td>-0.067575</td>\n",
       "      <td>1.000000</td>\n",
       "      <td>0.058288</td>\n",
       "      <td>-0.214579</td>\n",
       "      <td>0.125312</td>\n",
       "      <td>-0.121894</td>\n",
       "      <td>-0.074583</td>\n",
       "      <td>0.168372</td>\n",
       "      <td>-0.257133</td>\n",
       "      <td>0.025807</td>\n",
       "    </tr>\n",
       "    <tr>\n",
       "      <th>var_U</th>\n",
       "      <td>0.001874</td>\n",
       "      <td>0.005987</td>\n",
       "      <td>-0.023767</td>\n",
       "      <td>-0.087691</td>\n",
       "      <td>0.173103</td>\n",
       "      <td>-0.186623</td>\n",
       "      <td>-0.206330</td>\n",
       "      <td>0.022197</td>\n",
       "      <td>-0.186569</td>\n",
       "      <td>0.058288</td>\n",
       "      <td>1.000000</td>\n",
       "      <td>-0.019014</td>\n",
       "      <td>-0.106092</td>\n",
       "      <td>-0.090053</td>\n",
       "      <td>-0.120024</td>\n",
       "      <td>-0.092591</td>\n",
       "      <td>-0.001126</td>\n",
       "      <td>0.022700</td>\n",
       "    </tr>\n",
       "    <tr>\n",
       "      <th>L_5100</th>\n",
       "      <td>0.099488</td>\n",
       "      <td>-0.086168</td>\n",
       "      <td>-0.206612</td>\n",
       "      <td>-0.036694</td>\n",
       "      <td>-0.010390</td>\n",
       "      <td>-0.019078</td>\n",
       "      <td>0.023650</td>\n",
       "      <td>-0.194369</td>\n",
       "      <td>-0.038586</td>\n",
       "      <td>-0.214579</td>\n",
       "      <td>-0.019014</td>\n",
       "      <td>1.000000</td>\n",
       "      <td>-0.136450</td>\n",
       "      <td>-0.025183</td>\n",
       "      <td>0.087569</td>\n",
       "      <td>-0.109619</td>\n",
       "      <td>0.100442</td>\n",
       "      <td>0.086691</td>\n",
       "    </tr>\n",
       "    <tr>\n",
       "      <th>L_3000</th>\n",
       "      <td>-0.017029</td>\n",
       "      <td>0.072576</td>\n",
       "      <td>0.133325</td>\n",
       "      <td>0.162281</td>\n",
       "      <td>-0.025411</td>\n",
       "      <td>0.040710</td>\n",
       "      <td>0.061126</td>\n",
       "      <td>0.041320</td>\n",
       "      <td>-0.203321</td>\n",
       "      <td>0.125312</td>\n",
       "      <td>-0.106092</td>\n",
       "      <td>-0.136450</td>\n",
       "      <td>1.000000</td>\n",
       "      <td>0.181077</td>\n",
       "      <td>-0.034102</td>\n",
       "      <td>0.240850</td>\n",
       "      <td>-0.010431</td>\n",
       "      <td>0.004953</td>\n",
       "    </tr>\n",
       "    <tr>\n",
       "      <th>L_UV</th>\n",
       "      <td>-0.000022</td>\n",
       "      <td>-0.080025</td>\n",
       "      <td>-0.095856</td>\n",
       "      <td>0.121817</td>\n",
       "      <td>0.204182</td>\n",
       "      <td>0.145983</td>\n",
       "      <td>-0.045008</td>\n",
       "      <td>-0.006705</td>\n",
       "      <td>-0.168397</td>\n",
       "      <td>-0.121894</td>\n",
       "      <td>-0.090053</td>\n",
       "      <td>-0.025183</td>\n",
       "      <td>0.181077</td>\n",
       "      <td>1.000000</td>\n",
       "      <td>0.116673</td>\n",
       "      <td>-0.138534</td>\n",
       "      <td>0.019459</td>\n",
       "      <td>0.250642</td>\n",
       "    </tr>\n",
       "    <tr>\n",
       "      <th>L_H_beta</th>\n",
       "      <td>-0.247231</td>\n",
       "      <td>-0.068681</td>\n",
       "      <td>-0.081814</td>\n",
       "      <td>0.033593</td>\n",
       "      <td>0.183465</td>\n",
       "      <td>-0.026526</td>\n",
       "      <td>-0.089315</td>\n",
       "      <td>0.216953</td>\n",
       "      <td>-0.052888</td>\n",
       "      <td>-0.074583</td>\n",
       "      <td>-0.120024</td>\n",
       "      <td>0.087569</td>\n",
       "      <td>-0.034102</td>\n",
       "      <td>0.116673</td>\n",
       "      <td>1.000000</td>\n",
       "      <td>-0.038941</td>\n",
       "      <td>0.068915</td>\n",
       "      <td>-0.124865</td>\n",
       "    </tr>\n",
       "    <tr>\n",
       "      <th>MG_II</th>\n",
       "      <td>0.175565</td>\n",
       "      <td>0.195531</td>\n",
       "      <td>0.162444</td>\n",
       "      <td>0.056750</td>\n",
       "      <td>-0.006800</td>\n",
       "      <td>0.033731</td>\n",
       "      <td>0.021251</td>\n",
       "      <td>0.096974</td>\n",
       "      <td>0.021070</td>\n",
       "      <td>0.168372</td>\n",
       "      <td>-0.092591</td>\n",
       "      <td>-0.109619</td>\n",
       "      <td>0.240850</td>\n",
       "      <td>-0.138534</td>\n",
       "      <td>-0.038941</td>\n",
       "      <td>1.000000</td>\n",
       "      <td>0.111016</td>\n",
       "      <td>-0.019219</td>\n",
       "    </tr>\n",
       "    <tr>\n",
       "      <th>0II_5007</th>\n",
       "      <td>0.094805</td>\n",
       "      <td>-0.275536</td>\n",
       "      <td>-0.165685</td>\n",
       "      <td>0.072030</td>\n",
       "      <td>-0.035960</td>\n",
       "      <td>-0.124679</td>\n",
       "      <td>-0.007525</td>\n",
       "      <td>0.176572</td>\n",
       "      <td>0.010144</td>\n",
       "      <td>-0.257133</td>\n",
       "      <td>-0.001126</td>\n",
       "      <td>0.100442</td>\n",
       "      <td>-0.010431</td>\n",
       "      <td>0.019459</td>\n",
       "      <td>0.068915</td>\n",
       "      <td>0.111016</td>\n",
       "      <td>1.000000</td>\n",
       "      <td>0.074741</td>\n",
       "    </tr>\n",
       "    <tr>\n",
       "      <th>OIII_4959</th>\n",
       "      <td>0.027037</td>\n",
       "      <td>0.034516</td>\n",
       "      <td>-0.005166</td>\n",
       "      <td>-0.007000</td>\n",
       "      <td>-0.011490</td>\n",
       "      <td>-0.141834</td>\n",
       "      <td>-0.021750</td>\n",
       "      <td>-0.123829</td>\n",
       "      <td>0.042510</td>\n",
       "      <td>0.025807</td>\n",
       "      <td>0.022700</td>\n",
       "      <td>0.086691</td>\n",
       "      <td>0.004953</td>\n",
       "      <td>0.250642</td>\n",
       "      <td>-0.124865</td>\n",
       "      <td>-0.019219</td>\n",
       "      <td>0.074741</td>\n",
       "      <td>1.000000</td>\n",
       "    </tr>\n",
       "  </tbody>\n",
       "</table>\n",
       "</div>"
      ],
      "text/plain": [
       "                 AR_U_(1)  AR_U_(2)  AR_U_(3)  AR_U_(4)     mu(U)  loglik_U  \\\n",
       "AR_U_(1)         1.000000  0.236859  0.078848  0.199121 -0.149735  0.208047   \n",
       "AR_U_(2)         0.236859  1.000000  0.815037  0.124011 -0.125402  0.016917   \n",
       "AR_U_(3)         0.078848  0.815037  1.000000  0.018096 -0.210117  0.096221   \n",
       "AR_U_(4)         0.199121  0.124011  0.018096  1.000000  0.015836 -0.023402   \n",
       "mu(U)           -0.149735 -0.125402 -0.210117  0.015836  1.000000 -0.381284   \n",
       "loglik_U         0.208047  0.016917  0.096221 -0.023402 -0.381284  1.000000   \n",
       "Logpost_G        0.167918  0.177531  0.217277 -0.025215 -0.759730  0.410678   \n",
       "MA_U             0.009302 -0.092511 -0.034644 -0.021267  0.145545 -0.097038   \n",
       "measerr_scale_U -0.025819 -0.064104 -0.071765 -0.026921 -0.115241  0.000666   \n",
       "sigma_U          0.104323  0.875545  0.929389  0.007177 -0.125595  0.046898   \n",
       "var_U            0.001874  0.005987 -0.023767 -0.087691  0.173103 -0.186623   \n",
       "L_5100           0.099488 -0.086168 -0.206612 -0.036694 -0.010390 -0.019078   \n",
       "L_3000          -0.017029  0.072576  0.133325  0.162281 -0.025411  0.040710   \n",
       "L_UV            -0.000022 -0.080025 -0.095856  0.121817  0.204182  0.145983   \n",
       "L_H_beta        -0.247231 -0.068681 -0.081814  0.033593  0.183465 -0.026526   \n",
       "MG_II            0.175565  0.195531  0.162444  0.056750 -0.006800  0.033731   \n",
       "0II_5007         0.094805 -0.275536 -0.165685  0.072030 -0.035960 -0.124679   \n",
       "OIII_4959        0.027037  0.034516 -0.005166 -0.007000 -0.011490 -0.141834   \n",
       "\n",
       "                 Logpost_G      MA_U  measerr_scale_U   sigma_U     var_U  \\\n",
       "AR_U_(1)          0.167918  0.009302        -0.025819  0.104323  0.001874   \n",
       "AR_U_(2)          0.177531 -0.092511        -0.064104  0.875545  0.005987   \n",
       "AR_U_(3)          0.217277 -0.034644        -0.071765  0.929389 -0.023767   \n",
       "AR_U_(4)         -0.025215 -0.021267        -0.026921  0.007177 -0.087691   \n",
       "mu(U)            -0.759730  0.145545        -0.115241 -0.125595  0.173103   \n",
       "loglik_U          0.410678 -0.097038         0.000666  0.046898 -0.186623   \n",
       "Logpost_G         1.000000 -0.092078         0.023132  0.143374 -0.206330   \n",
       "MA_U             -0.092078  1.000000        -0.089226 -0.041723  0.022197   \n",
       "measerr_scale_U   0.023132 -0.089226         1.000000 -0.067575 -0.186569   \n",
       "sigma_U           0.143374 -0.041723        -0.067575  1.000000  0.058288   \n",
       "var_U            -0.206330  0.022197        -0.186569  0.058288  1.000000   \n",
       "L_5100            0.023650 -0.194369        -0.038586 -0.214579 -0.019014   \n",
       "L_3000            0.061126  0.041320        -0.203321  0.125312 -0.106092   \n",
       "L_UV             -0.045008 -0.006705        -0.168397 -0.121894 -0.090053   \n",
       "L_H_beta         -0.089315  0.216953        -0.052888 -0.074583 -0.120024   \n",
       "MG_II             0.021251  0.096974         0.021070  0.168372 -0.092591   \n",
       "0II_5007         -0.007525  0.176572         0.010144 -0.257133 -0.001126   \n",
       "OIII_4959        -0.021750 -0.123829         0.042510  0.025807  0.022700   \n",
       "\n",
       "                   L_5100    L_3000      L_UV  L_H_beta     MG_II  0II_5007  \\\n",
       "AR_U_(1)         0.099488 -0.017029 -0.000022 -0.247231  0.175565  0.094805   \n",
       "AR_U_(2)        -0.086168  0.072576 -0.080025 -0.068681  0.195531 -0.275536   \n",
       "AR_U_(3)        -0.206612  0.133325 -0.095856 -0.081814  0.162444 -0.165685   \n",
       "AR_U_(4)        -0.036694  0.162281  0.121817  0.033593  0.056750  0.072030   \n",
       "mu(U)           -0.010390 -0.025411  0.204182  0.183465 -0.006800 -0.035960   \n",
       "loglik_U        -0.019078  0.040710  0.145983 -0.026526  0.033731 -0.124679   \n",
       "Logpost_G        0.023650  0.061126 -0.045008 -0.089315  0.021251 -0.007525   \n",
       "MA_U            -0.194369  0.041320 -0.006705  0.216953  0.096974  0.176572   \n",
       "measerr_scale_U -0.038586 -0.203321 -0.168397 -0.052888  0.021070  0.010144   \n",
       "sigma_U         -0.214579  0.125312 -0.121894 -0.074583  0.168372 -0.257133   \n",
       "var_U           -0.019014 -0.106092 -0.090053 -0.120024 -0.092591 -0.001126   \n",
       "L_5100           1.000000 -0.136450 -0.025183  0.087569 -0.109619  0.100442   \n",
       "L_3000          -0.136450  1.000000  0.181077 -0.034102  0.240850 -0.010431   \n",
       "L_UV            -0.025183  0.181077  1.000000  0.116673 -0.138534  0.019459   \n",
       "L_H_beta         0.087569 -0.034102  0.116673  1.000000 -0.038941  0.068915   \n",
       "MG_II           -0.109619  0.240850 -0.138534 -0.038941  1.000000  0.111016   \n",
       "0II_5007         0.100442 -0.010431  0.019459  0.068915  0.111016  1.000000   \n",
       "OIII_4959        0.086691  0.004953  0.250642 -0.124865 -0.019219  0.074741   \n",
       "\n",
       "                 OIII_4959  \n",
       "AR_U_(1)          0.027037  \n",
       "AR_U_(2)          0.034516  \n",
       "AR_U_(3)         -0.005166  \n",
       "AR_U_(4)         -0.007000  \n",
       "mu(U)            -0.011490  \n",
       "loglik_U         -0.141834  \n",
       "Logpost_G        -0.021750  \n",
       "MA_U             -0.123829  \n",
       "measerr_scale_U   0.042510  \n",
       "sigma_U           0.025807  \n",
       "var_U             0.022700  \n",
       "L_5100            0.086691  \n",
       "L_3000            0.004953  \n",
       "L_UV              0.250642  \n",
       "L_H_beta         -0.124865  \n",
       "MG_II            -0.019219  \n",
       "0II_5007          0.074741  \n",
       "OIII_4959         1.000000  "
      ]
     },
     "execution_count": 9,
     "metadata": {},
     "output_type": "execute_result"
    }
   ],
   "source": [
    "# Matriz de correlación\n",
    "# ==============================================================================\n",
    "corr_matrix = datos.corr(method='pearson')\n",
    "corr_matrix\n"
   ]
  },
  {
   "cell_type": "code",
   "execution_count": 13,
   "id": "c40882ec",
   "metadata": {
    "scrolled": true
   },
   "outputs": [
    {
     "data": {
      "text/html": [
       "<div>\n",
       "<style scoped>\n",
       "    .dataframe tbody tr th:only-of-type {\n",
       "        vertical-align: middle;\n",
       "    }\n",
       "\n",
       "    .dataframe tbody tr th {\n",
       "        vertical-align: top;\n",
       "    }\n",
       "\n",
       "    .dataframe thead th {\n",
       "        text-align: right;\n",
       "    }\n",
       "</style>\n",
       "<table border=\"1\" class=\"dataframe\">\n",
       "  <thead>\n",
       "    <tr style=\"text-align: right;\">\n",
       "      <th></th>\n",
       "      <th>variable_1</th>\n",
       "      <th>variable_2</th>\n",
       "      <th>r</th>\n",
       "      <th>abs_r</th>\n",
       "    </tr>\n",
       "  </thead>\n",
       "  <tbody>\n",
       "    <tr>\n",
       "      <th>45</th>\n",
       "      <td>AR_U_(3)</td>\n",
       "      <td>sigma_U</td>\n",
       "      <td>0.929389</td>\n",
       "      <td>0.929389</td>\n",
       "    </tr>\n",
       "    <tr>\n",
       "      <th>164</th>\n",
       "      <td>sigma_U</td>\n",
       "      <td>AR_U_(3)</td>\n",
       "      <td>0.929389</td>\n",
       "      <td>0.929389</td>\n",
       "    </tr>\n",
       "    <tr>\n",
       "      <th>27</th>\n",
       "      <td>AR_U_(2)</td>\n",
       "      <td>sigma_U</td>\n",
       "      <td>0.875545</td>\n",
       "      <td>0.875545</td>\n",
       "    </tr>\n",
       "    <tr>\n",
       "      <th>163</th>\n",
       "      <td>sigma_U</td>\n",
       "      <td>AR_U_(2)</td>\n",
       "      <td>0.875545</td>\n",
       "      <td>0.875545</td>\n",
       "    </tr>\n",
       "    <tr>\n",
       "      <th>37</th>\n",
       "      <td>AR_U_(3)</td>\n",
       "      <td>AR_U_(2)</td>\n",
       "      <td>0.815037</td>\n",
       "      <td>0.815037</td>\n",
       "    </tr>\n",
       "    <tr>\n",
       "      <th>20</th>\n",
       "      <td>AR_U_(2)</td>\n",
       "      <td>AR_U_(3)</td>\n",
       "      <td>0.815037</td>\n",
       "      <td>0.815037</td>\n",
       "    </tr>\n",
       "    <tr>\n",
       "      <th>112</th>\n",
       "      <td>Logpost_G</td>\n",
       "      <td>mu(U)</td>\n",
       "      <td>-0.759730</td>\n",
       "      <td>0.759730</td>\n",
       "    </tr>\n",
       "    <tr>\n",
       "      <th>78</th>\n",
       "      <td>mu(U)</td>\n",
       "      <td>Logpost_G</td>\n",
       "      <td>-0.759730</td>\n",
       "      <td>0.759730</td>\n",
       "    </tr>\n",
       "    <tr>\n",
       "      <th>96</th>\n",
       "      <td>loglik_U</td>\n",
       "      <td>Logpost_G</td>\n",
       "      <td>0.410678</td>\n",
       "      <td>0.410678</td>\n",
       "    </tr>\n",
       "    <tr>\n",
       "      <th>113</th>\n",
       "      <td>Logpost_G</td>\n",
       "      <td>loglik_U</td>\n",
       "      <td>0.410678</td>\n",
       "      <td>0.410678</td>\n",
       "    </tr>\n",
       "  </tbody>\n",
       "</table>\n",
       "</div>"
      ],
      "text/plain": [
       "    variable_1 variable_2         r     abs_r\n",
       "45    AR_U_(3)    sigma_U  0.929389  0.929389\n",
       "164    sigma_U   AR_U_(3)  0.929389  0.929389\n",
       "27    AR_U_(2)    sigma_U  0.875545  0.875545\n",
       "163    sigma_U   AR_U_(2)  0.875545  0.875545\n",
       "37    AR_U_(3)   AR_U_(2)  0.815037  0.815037\n",
       "20    AR_U_(2)   AR_U_(3)  0.815037  0.815037\n",
       "112  Logpost_G      mu(U) -0.759730  0.759730\n",
       "78       mu(U)  Logpost_G -0.759730  0.759730\n",
       "96    loglik_U  Logpost_G  0.410678  0.410678\n",
       "113  Logpost_G   loglik_U  0.410678  0.410678"
      ]
     },
     "execution_count": 13,
     "metadata": {},
     "output_type": "execute_result"
    }
   ],
   "source": [
    "def tidy_corr_matrix(corr_mat):\n",
    "    '''\n",
    "    Función para convertir una matriz de correlación de pandas en formato tidy.\n",
    "    '''\n",
    "    corr_mat = corr_mat.stack().reset_index()\n",
    "    corr_mat.columns = ['variable_1','variable_2','r']\n",
    "    corr_mat = corr_mat.loc[corr_mat['variable_1'] != corr_mat['variable_2'], :]\n",
    "    corr_mat['abs_r'] = np.abs(corr_mat['r'])\n",
    "    corr_mat = corr_mat.sort_values('abs_r', ascending=False)\n",
    "    \n",
    "    return(corr_mat)\n",
    "\n",
    "tidy_corr_matrix(corr_matrix).head(10)"
   ]
  },
  {
   "cell_type": "code",
   "execution_count": 12,
   "id": "4dfdb478",
   "metadata": {
    "scrolled": true
   },
   "outputs": [
    {
     "data": {
